#File atm_mk13n50p.conf
#Turbulence profile for Mauna Kea 13N 50 percentile seeing condition provided by TMT
#site testing group. DIMM/MASS results were Extrapolated to above ~50m
#2018-10-02
atm.r0z = 0.188
atm.L0 = 30
atm.ht = [0 500 1000 2000 4000 8000 16000]
atm.wt = [0.454069 0.14314 0.0506172 0.046117 0.114405 0.082284 0.109368]
atm.ws = [5.6 5.77 6.25 7.57 13.31 19.06 12.14 ]
atm.wddeg = [0]
