#File atm_mk13n90p.conf
#Turbulence profile for Mauna Kea 13N 90 percentile seeing condition provided by TMT
#site testing group. DIMM/MASS results were Extrapolated to above ~50m
#2018-10-02
atm.r0z = 0.093
atm.L0 = 30
atm.ht = [0 500 1000 2000 4000 8000 16000]
atm.wt = [0.23519 0.244883 0.148361 0.093299 0.0963941 0.115334 0.0665384]
atm.ws = [5.6 5.77 6.25 7.57 13.31 19.06 12.14 ]
atm.wddeg = [0]
