#File atm_elt50p.conf
#From MORFEO
atm.L0=25
atm.r0z=0.155
atm.ht=[30.0000, 90.0000, 150.000, 200.000, 245.000, 300.000, 390.000, 600.000, 1130.00, 1880.00, 2630.00, 3500.00, 4500.00, 5500.00, 6500.00, 7500.00, 8500.00, 9500.00, 10500.0, 11500.0, 12500.0, 13500.0, 14500.0, 15500.0, 16500.0, 17500.0, 18500.0, 19500.0, 20500.0, 21500.0, 22500.0, 23500.0, 24500.0, 25500.0, 26500.0]
atm.wt=[0.241954, 0.119977, 0.0968817, 0.0589889, 0.0472911, 0.0472911, 0.0472911, 0.0472911, 0.0398925, 0.0323939, 0.0161969, 0.0260951, 0.0155971, 0.0103980, 0.00999811, 0.0119977, 0.00400924, 0.0139974, 0.0129975, 0.00700868, 0.0159970, 0.0258951, 0.0190964, 0.00986813, 0.00616883, 0.00400924, 0.00246953, 0.00215959, 0.00184965, 0.00135974, 0.00110979, 0.000616883, 0.000925825, 0.000493907, 0.000431918]
atm.ws=[5.5, 5.5, 5.1, 5.5, 5.6, 5.7, 5.8, 6.0, 6.5, 7.0, 7.5, 8.5, 9.5, 11.5, 17.5, 23.0, 26.0, 29.0, 32.0, 27.0, 22.0, 14.5, 9.5, 6.3, 5.5, 6.0, 6.5, 7.0, 7.5, 8.0, 8.5, 9.0, 9.5, 10.0, 10.0]

#atmr.ht=[0 500 1000 2000 4000 8000 16000] #from atm_arm50p.conf
#atmr.wt=[4.868 4.893 1.341 2.29 2.719 3.901 3.416 ] #from atm_arm50p.conf

atmr.ht=[    0.  1000.  4500.  7500. 11000. 15000. 18000. 22000.] #interpolated with interp_cn2()
atmr.wt=[0.4694 0.3111 0.0681 0.0345 0.0498 0.0486 0.0128 0.0057]
