#File atm_mk13n95p.conf
#Turbulence profile for Mauna Kea 13N 95 percentile seeing condition provided by TMT
#site testing group. DIMM/MASS results were Extrapolated to above ~50m
#2018-10-02
atm.r0z = 0.067
atm.L0 = 30
atm.ht = [0 500 1000 2000 4000 8000 16000]
atm.wt = [0.127377 0.309455 0.209986 0.107568 0.0927146 0.0928558 0.0600438]
atm.ws = [5.6 5.77 6.25 7.57 13.31 19.06 12.14 ]
atm.wddeg = [0]
