#File atm_mk13n45p.conf
#Turbulence profile for Mauna Kea 13N 45 percentile seeing condition provided by TMT
#site testing group. DIMM/MASS results were Extrapolated to above ~50m
#2018-10-02
atm.r0z = 0.199
atm.L0 = 30
atm.ht = [0 500 1000 2000 4000 8000 16000]
atm.wt = [0.466188 0.138244 0.0459603 0.0414188 0.113992 0.0794768 0.114719]
atm.ws = [5.6 5.77 6.25 7.57 13.31 19.06 12.14 ]
atm.wddeg = [0]
