#File atm_mk13n25p.conf
#Turbulence profile for Mauna Kea 13N 25 percentile seeing condition provided by TMT
#site testing group. DIMM/MASS results were Extrapolated to above ~50m
#2018-10-02
atm.r0z = 0.248
atm.L0 = 30
atm.ht = [0 500 1000 2000 4000 8000 16000]
atm.wt = [0.541702 0.10688 0.0370395 0.0268014 0.101924 0.0587545 0.126899]
atm.ws = [5.6 5.77 6.25 7.57 13.31 19.06 12.14 ]
atm.wddeg = [0]
