#File atm_mk13n15p.conf
#Turbulence profile for Mauna Kea 13N 15 percentile seeing condition provided by TMT
#site testing group. DIMM/MASS results were Extrapolated to above ~50m
#2018-10-02
atm.r0z = 0.284
atm.L0 = 30
atm.ht = [0 500 1000 2000 4000 8000 16000]
atm.wt = [0.58347 0.0847012 0.031845 0.0219961 0.0912672 0.050476 0.136244]
atm.ws = [5.6 5.77 6.25 7.57 13.31 19.06 12.14 ]
atm.wddeg = [0]
